100
57370
39909
68135
4744
75821
30438
46829
93386
65155
21875
67524
27045
24944
76703
50062
20020
15473
51458
38198
50807
78529
12499
62598
81788
15679
60868
36355
95022
9846
79540
67841
41987
91723
48479
41309
24531
30492
5705
67207
25651
81838
96967
21411
52906
50080
98224
71838
81579
44903
48381
18015
39808
67443
3859
58430
63626
46912
93336
71613
7167
55
43841
47600
45402
75180
10493
71204
1137
18343
56217
67580
68437
49962
73329
59709
30827
54647
56412
64696
62580
73845
89446
15685
53374
73833
13373
69738
12307
8114
97435
26370
64316
15698
65059
40908
71584
60468
47476
44523
4526
