10000
57370
39909
68135
4744
75821
30438
46829
93386
65155
21875
67524
27045
24944
76703
50062
20020
15473
51458
38198
50807
78529
12499
62598
81788
15679
60868
36355
95022
9846
79540
67841
41987
91723
48479
41309
24531
30492
5705
67207
25651
81838
96967
21411
52906
50080
98224
71838
81579
44903
48381
18015
39808
67443
3859
58430
63626
46912
93336
71613
7167
55
43841
47600
45402
75180
10493
71204
1137
18343
56217
67580
68437
49962
73329
59709
30827
54647
56412
64696
62580
73845
89446
15685
53374
73833
13373
69738
12307
8114
97435
26370
64316
15698
65059
40908
71584
60468
47476
44523
4526
18557
70067
51733
27703
51010
42282
69394
21126
69854
69254
63353
57329
35815
71193
13978
98635
30250
41707
2713
29952
79665
14507
58684
99014
85398
48119
80619
68387
37017
97750
28316
969
71285
68417
81549
69476
73552
57003
87984
20233
63218
66564
96601
54638
24784
85995
54379
21310
82629
33087
58365
44819
30600
11118
84730
83403
87491
41447
65760
82171
73455
75817
77828
45074
7751
81360
70514
27165
58852
91388
58033
58800
33061
58362
2408
10675
36351
64529
35024
81122
65574
4383
45857
70300
40684
37099
59556
15103
83588
48512
36948
3761
90087
57388
27184
18917
26030
15758
278
16837
87629
80043
2768
93999
26913
2712
39761
15618
92082
55928
33119
23380
55533
7147
77386
10053
6990
49166
40434
8775
12261
61844
48495
33557
95788
3488
80070
52345
27839
81618
89914
79958
35057
38196
16209
60829
17354
14910
93192
35847
95254
14292
50932
44891
32032
31499
19076
85587
56940
34773
48062
41382
23358
2217
10320
99510
19808
15762
60727
17730
88945
43446
47113
44724
8022
51834
9945
29111
18153
52900
46971
66064
79280
71630
51232
76701
46513
60225
65700
20154
32710
31198
66849
22460
27867
31925
20891
80128
9106
70287
41164
84270
80910
20538
15317
94011
99618
67476
86976
80459
32038
18951
2951
80255
47473
56581
21201
62724
47654
26633
12962
58884
81901
21827
29603
9044
63198
66084
18128
66215
29682
20096
97129
62587
37330
16127
37103
24268
69513
21964
38162
82477
38119
58899
31713
25160
98985
65495
37991
16949
52847
35291
87268
55471
57008
68157
68241
24327
54818
34607
4371
79304
700
38079
45874
52714
45623
96325
5018
68188
13653
70137
9602
55549
26958
99272
20560
99079
31857
1687
64625
68845
84779
75736
19295
38739
14219
46885
32653
33860
3199
48811
32807
43239
93072
78485
10673
31990
14628
13125
10890
35431
8144
15747
17821
34539
22020
26813
8296
29537
53591
5979
89889
31812
53827
97009
82586
7032
47899
91213
73112
81809
85583
20280
39359
92170
56447
19343
22984
97907
28349
6783
53067
95470
80131
25426
65619
95823
9262
51226
2603
60564
27256
12274
48072
95918
15820
15814
10359
38922
94934
98485
97233
27841
13472
55697
56511
51033
38186
88946
94385
98606
23424
36685
88832
79431
18930
44007
34544
12430
76164
60940
89748
75351
27350
38029
91425
74950
31052
11208
15207
80263
87198
21434
30460
38722
72963
7683
55430
22234
77922
66137
65649
33853
9349
60820
58895
64730
24228
64004
13655
16402
5790
72074
7458
19927
55693
81443
53098
60101
90347
12781
68158
87925
53478
3377
80920
66789
42175
51704
77090
21389
96936
1855
72516
42410
70161
50600
34449
79347
65480
68214
38360
2522
27288
87437
51138
44623
94323
80590
1278
44915
4950
33264
95175
66669
17764
92104
22745
33546
51333
90673
76914
8833
45309
76104
48197
99799
30133
11992
22706
80626
30063
92979
79312
11994
27998
94059
95940
42526
46491
94355
7524
56119
22069
27390
49914
71499
21734
87121
40288
28774
48653
25052
60283
85209
53506
1531
95276
77139
99999
88567
58512
75019
99443
88703
80585
19153
23341
46038
95621
21086
72636
30949
90692
88275
18993
26788
42747
90266
98734
90781
59013
50835
38061
17041
83528
47490
34806
87743
70468
92879
52257
91739
27016
57792
42073
25420
15682
97628
90510
65478
29583
70509
99025
45884
9158
47388
47875
46544
12207
18212
78620
69993
661
18650
65069
45914
41694
85415
65534
67195
54540
93766
63944
58927
60647
25000
35373
26347
33849
82940
43268
48965
54401
94285
89520
46867
79926
33657
20327
66093
77634
65674
81593
95369
80095
88573
15052
39244
58394
76090
5132
37248
61781
33515
54397
6008
21696
12729
53704
11171
71628
85833
14425
78322
85952
43169
15415
38184
13165
49656
71112
37983
82395
12506
46529
9519
70435
11571
54240
70257
40495
36797
83471
9228
64593
5085
68245
90927
28511
49780
77520
14560
71364
60625
66793
53562
70639
19141
2375
51358
71757
13187
37700
59175
41340
22944
89693
30279
71207
37753
69024
65980
22062
31369
45419
15683
26917
18263
51266
41535
5518
57721
69431
50108
95406
35942
60395
86096
77023
62218
41707
54789
44719
25469
98322
37210
65663
21337
37694
79861
63787
17027
46673
25067
97928
72096
77812
19284
64567
75162
44255
38120
44857
30298
33509
90519
87503
18781
55015
94021
65290
14077
72820
21738
86103
43576
62900
83908
96484
54941
566
77792
63230
9897
71570
65727
22197
98121
64726
6399
94049
22826
87062
19201
54808
37127
81252
83782
67036
57178
89312
21359
87389
1802
48418
24739
53245
23726
98035
26754
87016
98270
8311
99178
25170
32499
50222
92373
191
58454
93072
87307
44835
37296
12134
99727
50122
98722
35345
46853
56251
70923
68546
5576
44994
78862
50526
67336
38870
58428
74054
51919
97741
2352
95803
83329
46737
44692
28902
98272
69219
44599
79622
68356
60843
355
8973
53244
61057
82435
85036
66367
63119
27866
77135
37857
72400
7078
17161
33617
94245
31979
81783
89107
56400
7776
55075
48671
34654
57927
75411
6117
21692
3497
25845
330
60069
60300
41413
76206
85399
72408
79870
92741
9803
80644
83438
90422
53032
13478
87690
34471
254
71104
42918
69273
13050
10382
26494
4153
56313
13771
59341
70027
45278
8698
44401
54265
75764
47379
86002
64180
68934
31185
46586
94525
8992
4437
85347
68869
5218
23331
34135
41860
96083
74878
61843
91521
26255
65878
92590
14379
27762
37668
70024
28508
6872
21837
43781
49983
39580
71645
86850
28194
94512
881
82984
67930
69328
61849
13657
90084
77862
89710
32327
24918
96019
17540
16614
4314
96789
42722
19509
4349
89720
14337
14199
7118
44472
89539
48706
11537
86819
32117
98289
93919
44892
78242
29109
83359
6626
66711
47274
41630
92512
61892
53261
2485
57674
11177
79610
15157
51342
59450
54856
33955
27923
1135
76976
9921
24535
92472
69035
89392
68052
90475
48577
65124
12575
85177
37308
23819
95524
8195
40544
81422
70780
33086
45597
11482
53399
59962
20677
91882
74625
37517
56434
72427
55443
76986
35501
89206
5659
59233
48978
7006
58824
43204
36659
43179
47846
89114
24727
34687
67115
49677
68240
9613
97043
62993
78804
2954
29616
30067
65648
90506
21302
70379
80517
53684
94016
96601
63557
33156
23887
63623
18746
94542
98364
60982
64992
12370
50085
60884
78477
38341
76405
13076
29728
39457
88198
95525
52440
94652
31967
74212
94225
71304
38485
20533
7913
22485
85647
75250
39510
50185
74159
93432
46582
93990
37468
71683
21495
16003
57904
12117
48570
54261
52418
78636
11327
15167
25602
87940
21034
35980
14108
36392
43984
98255
40036
25488
4743
26222
31008
6605
50992
27241
28108
98170
90457
29022
94602
21796
45504
28085
91579
47604
51422
10100
70611
10578
88467
62728
64705
3638
6011
34595
86314
83014
31136
87148
21944
60462
90805
51
70063
94609
50003
4628
34341
6838
5845
85969
27651
27003
29853
74737
5962
13956
48521
58942
35832
90104
71791
42715
74221
22531
51376
12360
24008
75920
52007
45265
1949
11737
29407
22178
60175
80952
91581
75248
73008
57412
98922
65966
58142
47366
98462
81795
4999
62950
81558
38634
16341
5668
42886
50791
50124
35253
92712
78321
14910
62074
74124
5520
84706
17885
17061
5381
19272
87011
96042
72599
46921
81828
49091
20298
193
88276
12161
8507
70909
61494
45542
26321
2060
7638
53598
69240
24505
65740
82825
67144
34026
80382
66818
15606
99353
1244
29501
86951
40816
58722
15021
80077
53111
96181
57641
65277
89369
56666
14484
32806
66200
2858
8028
90556
45246
45751
2508
72334
25605
25277
37365
29245
11667
59708
23198
26523
15218
69024
97098
68322
14027
76704
28760
66180
23874
5076
41772
42866
69183
99611
78225
19957
3295
29369
8972
91640
60191
64212
19401
42312
59357
10770
74380
7660
60757
26690
90958
82909
67753
24702
15416
64894
51349
3944
95933
68729
3347
95824
837
40790
71671
31134
6397
83477
25270
82921
55318
4000
77583
15879
87406
43665
29068
5921
42926
22277
7419
26514
15289
85495
52800
31297
33440
88112
1222
16100
47081
38385
69006
47756
21030
48660
71109
20923
87513
50693
26559
69638
23886
20272
43963
45664
75755
6957
52411
7478
94782
78694
27781
44455
51747
49435
91506
27334
35859
42245
48038
88048
16538
76444
72373
38227
69251
1311
13195
82617
54341
48856
22447
72416
98715
13305
92857
38222
40029
56746
15830
78466
34588
87188
20627
59584
67657
77433
39842
81055
93995
31308
63181
54239
2148
81254
62324
36036
91835
61446
96217
28780
59222
2583
65588
8880
15440
7819
58616
51438
84652
57325
79294
1496
95850
60648
17959
97164
34981
36104
17530
97261
27563
58692
50450
86731
79848
34845
57776
18267
74
18867
4432
2027
22642
24213
67995
84855
12959
79858
66920
14030
73902
42777
51607
18533
58915
8048
98940
2111
73609
84019
38175
16288
45627
11054
59310
98648
65558
20451
74969
44771
67782
99133
98544
26619
45503
73751
26338
86827
85519
36224
53534
51158
94031
49943
32156
73661
62241
93820
77842
8060
26022
56656
20381
11270
57109
28806
87731
35047
32166
80257
37770
19424
90155
17593
58006
35880
78854
33387
85273
91116
23996
71464
98217
33403
19147
46767
18201
80612
42901
93082
56003
60737
74253
39273
31937
22748
47648
63070
10976
7737
61934
51960
9400
16912
31556
18667
92787
66380
50209
19221
42411
56731
39761
63630
37397
46718
2623
8349
48649
20850
78655
57526
22254
91820
81763
49668
30330
55502
68720
38109
19011
22148
59288
68806
19862
36230
1099
41884
62984
17533
75303
69693
14692
26081
59380
62574
69849
5353
34670
14618
39581
21287
28807
260
46191
13018
95256
59352
99868
19060
31400
67221
65524
2069
12987
46241
57721
33334
34437
98321
89049
32314
59252
67265
96181
6986
28991
8837
35763
56895
25471
59913
79227
12991
3790
96088
80005
97910
98423
69529
55701
54931
2108
93121
57129
46796
58663
7208
39790
38660
88501
71185
62027
27644
41029
72228
69304
41369
26362
36003
73241
19350
71837
88855
80742
77660
83343
66882
42160
71733
76885
46455
23181
31888
99979
63979
10485
73124
39115
22526
55118
15374
37036
45841
65987
85201
99240
10563
1285
63925
710
51888
91274
18740
44033
49292
98466
14227
92961
38908
69775
2577
14861
79672
71570
68873
98053
25091
30110
75471
99611
5571
76558
52970
62233
23399
2831
57996
92213
12838
58555
3032
26647
69926
6745
53341
93807
55364
83266
31229
41402
10599
69138
3104
22525
60919
31540
4626
78854
8358
57750
21916
5140
45924
53266
28155
77882
52584
16128
80223
26614
28177
86475
58452
25960
90694
7202
25372
69615
44024
16680
46913
54230
60356
76301
20484
95022
74212
55135
96752
44024
28848
63359
61478
36881
81803
11154
85484
93735
26375
76847
69837
32602
25179
70050
85095
6331
76344
49832
93917
29016
89191
8350
40433
77052
22347
23112
17988
80348
2370
55112
97371
84306
71061
58552
72921
81051
47166
60106
25950
71340
83743
56523
75645
69043
18573
13078
56085
71908
21454
67759
5415
27823
58324
69853
12951
14582
55131
9771
47908
1344
76293
88198
7567
99940
5432
84737
45810
7138
68338
87379
74174
27090
50409
62394
75021
6321
82991
26510
56553
34403
28000
3846
4709
76917
42241
59171
72648
12238
5879
9364
10435
95827
48996
47404
89744
27407
3050
73490
91894
67410
10619
19232
17711
87578
24128
39617
68025
48433
13054
70918
65106
11311
9164
41581
58399
21818
81488
33081
20755
75880
20660
36992
73624
55930
33913
8659
4279
5472
8870
30921
25795
39746
81641
99835
57303
46637
28793
35141
95936
53519
99518
45641
45060
73034
53941
41193
66873
61559
33956
10932
67903
12716
5475
46495
69036
6948
38690
33876
99653
21720
7977
89067
38967
9614
77784
54510
7129
68765
60697
47976
32394
95258
47050
76441
30115
19812
79176
3401
97445
59079
1165
53322
94439
23412
94605
21306
77299
90598
25267
66545
57031
97237
42037
85943
33018
77707
5396
74027
75864
47068
15129
51261
55183
14319
56702
35069
35948
58487
10716
78679
56682
85531
62254
31408
1772
3664
63148
48203
30501
94395
26550
93145
13552
48252
87309
60777
5602
18818
73797
48829
28323
32562
45493
30005
73932
75054
69169
12851
86803
97953
11753
60464
64086
57284
92854
31733
97538
64634
60546
68459
81154
47387
78399
87213
66130
49844
19103
97486
83191
98464
87281
91198
69655
92409
89656
6236
51339
55779
17227
8186
6014
53458
87325
36390
51559
76271
1006
34473
65792
10089
85683
97693
44208
97545
24373
27932
93090
85285
66710
30886
18572
42081
32981
69534
34206
33492
18544
16880
53745
37676
75295
23673
89029
49347
6684
76114
59529
56602
45539
83945
25999
62314
20393
5542
50120
80631
64899
19423
61689
87081
57531
90166
96099
16571
19932
75009
35685
9412
4664
71692
77699
51361
39715
55484
24686
85141
62864
3381
53773
98793
58492
59141
62223
73753
62226
18225
77500
84219
63176
12034
17587
15326
34619
63118
6892
72113
92462
63608
61443
73246
62499
74086
60263
50887
35730
38257
78676
3690
30015
22460
60362
91775
44055
63340
26694
76754
37572
30661
18063
45249
19466
14066
95205
86378
4041
22156
24191
98320
93157
48670
83800
41953
74869
24370
5211
49237
86008
60116
64023
36712
68542
48852
4496
20250
32027
4439
15342
25568
38103
52646
63091
9760
26214
63165
65674
35496
39728
92154
38929
80708
87509
27694
16627
89065
60166
97786
26861
25742
75469
91029
97346
53770
36654
77976
73356
95806
35623
51185
20577
59091
43571
20567
5836
13480
34905
75111
70553
80808
92481
27681
409
33880
69907
67454
28568
92219
63531
28436
72558
80296
25838
12541
58251
35966
76798
34003
60155
84311
5958
61424
48621
17323
84449
93272
8315
84049
74310
23400
16598
88984
6984
50037
64571
85999
33577
83416
84384
75443
60455
98261
20259
91702
53200
57735
33882
67024
74893
56309
35285
26394
87202
48054
15277
88196
19216
76999
62312
64753
5552
79505
56460
47588
93341
62404
74657
21145
74642
32683
51295
40754
30231
29531
31176
87159
65993
24775
27145
3487
29149
19288
41372
30898
42128
2631
22164
22983
20745
93754
98297
91252
79973
15865
21042
61638
67341
34269
98218
60794
51726
66249
47086
20526
85080
43211
95468
78278
52177
79497
29246
48264
69151
99214
67735
85864
17324
27612
38145
36650
57845
68823
85389
29068
69066
24105
67961
58482
50330
43126
79305
60449
54425
78865
51573
41622
77619
80524
21011
283
51054
11569
97625
33279
79910
27420
39305
25730
51744
34468
49100
65581
99786
85676
99148
15270
162
52978
38776
38646
40700
89533
66046
89528
78960
47906
12003
7028
14235
94708
42279
84198
60990
83974
24481
49868
67830
16541
98412
31275
7340
52175
28261
61683
16966
30078
30317
78643
98336
99472
93720
30350
254
22776
33746
6698
63192
46271
94678
51579
35031
76993
93123
58288
86959
25163
29243
1301
42053
35246
89081
38025
82265
37646
85182
19255
82592
57225
95287
44117
81350
84249
82404
72518
95246
88516
40053
29592
4676
58841
94367
12892
54378
20757
32829
15585
99423
3470
92795
48271
99479
5550
103
83555
19774
64892
65660
44329
44607
79470
29843
78207
49658
2960
7930
86978
76151
80532
19569
1363
40829
34522
28363
57661
6755
74060
8256
6628
27896
63152
52896
74415
39044
46176
89566
88936
5067
89808
22097
18321
80272
7607
97214
71037
9503
87590
45753
22892
41494
35141
15672
49974
10189
11066
39402
86983
36871
51668
68039
45217
36982
82148
53228
8773
75255
5447
12925
95577
26879
38037
78102
74785
62973
24589
53769
19616
79823
42221
5596
46602
49123
58514
81720
46393
6664
90079
17497
37593
39785
23393
87474
5335
58535
27075
4076
92864
34455
35725
45623
12066
44722
23304
79670
25235
53402
67919
33086
39546
46337
23490
70056
25781
598
13795
50097
81953
20839
73837
46675
82632
1092
52289
15009
11780
29874
77473
48172
96744
19309
77212
98970
10474
78918
74274
63839
69787
9192
69456
1196
97154
70693
77193
78328
23795
24573
43252
12941
96610
17161
59880
17047
38834
16435
18274
21505
91388
90819
12333
60393
16313
19048
70964
42022
78753
69723
70174
28937
79998
14431
63921
3287
96892
73317
97148
55588
49161
58193
16291
18708
95309
7266
8872
14527
84890
24831
83251
37366
52350
69466
57294
40107
65970
33426
1502
2210
3081
7556
41271
13149
57477
72747
95199
86802
99540
59158
40376
65203
12074
79974
68004
39415
17798
98762
48011
44441
59252
87024
98436
57591
81844
82494
1483
10905
24505
22067
28508
67574
42820
74695
63282
40605
55484
94675
78479
785
95563
67442
57388
38155
23974
90577
30360
87610
90272
49020
49987
23895
2235
32702
4175
262
73588
21275
70242
22209
68254
91247
28843
27096
45252
48013
30999
36900
3153
2428
38149
1312
42963
64892
78990
80964
31615
88316
3853
27624
67146
52142
58828
61864
77956
1112
34966
36693
63682
94868
13756
55047
44694
33954
25767
13808
80710
88506
83775
68029
67902
42256
73293
48621
20597
53814
37318
3858
30002
2168
37062
81929
39296
81948
95289
11275
60518
81408
83974
90037
40388
2553
87262
2769
85633
83805
51569
25589
17328
44369
12366
74170
50716
51175
74608
4889
32548
93847
81403
97216
88163
72554
3771
49658
85017
72232
48199
87191
3686
40180
28709
2980
15761
42958
93719
12481
53124
93118
49628
98890
50874
97664
75269
51286
6883
22107
81532
16685
45208
85274
26035
43593
48054
54027
53692
63540
99279
32585
41597
18158
59989
79613
73169
69888
24904
82222
90202
86906
3152
37285
36153
74485
38389
80843
57721
61740
79008
23198
27991
38427
93824
11827
64258
609
11297
27931
62447
89141
43114
93886
74191
23815
78098
77643
65169
84056
84626
40681
84820
17735
87165
59371
89386
48180
61869
16324
17387
9075
85
91597
81573
54549
30707
55168
41243
16211
42329
744
14754
82213
19718
23753
87635
91999
14917
59479
88673
902
73380
80020
88874
56193
79695
33182
33746
73457
45156
41236
74559
13487
48495
61757
82821
67275
56442
27046
1058
61392
48511
75326
68996
72556
77681
69603
34429
10968
6118
14245
54613
5491
337
9043
33458
69664
26607
6599
39208
35666
4471
39725
23402
9810
24317
36373
53416
32492
78921
25644
47927
93681
79348
8687
55615
98538
23432
96025
67930
85676
18656
10560
34155
6233
22392
39471
87762
39796
70141
83540
21350
86095
80575
53125
35356
11341
48142
99384
1157
63083
71582
70961
53474
687
65028
95749
72767
12151
68664
50580
20389
64175
97115
30237
92817
40342
26393
76043
23736
88811
38361
20563
10456
3841
74701
41365
47442
44354
28300
85214
36278
20345
7208
33548
40777
45447
62508
21892
99762
96929
73252
85289
99746
73560
15708
39778
51564
12396
41150
75859
3357
22840
661
17966
99402
67187
29529
53237
26162
21761
60423
40380
70661
25710
75050
74739
85492
80372
55583
17549
47286
4900
79246
51549
93605
63158
63624
64756
8086
42772
70085
67136
90428
78187
12943
78816
40774
92534
77920
11964
88868
88038
37736
77273
19394
38
10975
23885
1225
28852
30455
86393
17313
92261
39047
9148
28159
62434
97840
7561
61540
5479
49679
18485
8489
66746
7491
25922
24840
26315
84291
29545
58887
24608
46736
25411
54618
72241
15355
40414
5833
85774
25177
62346
30765
10174
69626
39392
55002
92436
8011
30671
4678
51022
27585
38033
24170
40031
96014
35549
77487
10770
411
64926
1076
68813
8623
26127
56967
60958
51235
17824
15130
58765
29824
28293
2575
24445
90110
61517
75313
55349
55614
50020
33236
78012
17344
14387
88608
55739
22446
41142
62003
73232
11711
82680
45951
18612
18799
6680
81690
90178
22141
17673
55728
13335
81411
94349
54642
97379
82070
78108
37682
95364
96317
37816
66488
79208
86886
12178
58642
93936
89054
91270
40023
7721
99932
84367
9304
14868
47290
71522
89667
58632
88612
55496
1020
76117
10052
6093
65119
87268
33116
93047
42435
17506
33080
37924
71914
82131
29818
22179
73471
7173
11455
46005
51429
25155
55902
27037
83261
79647
6111
39220
27489
10522
90660
76044
27641
94367
36850
9158
94491
82167
64042
29348
25489
73164
84320
22491
13125
61801
20909
22827
21312
67003
86468
14485
39941
98594
13551
45053
84148
32925
88859
61871
39404
93737
77677
8201
79985
42345
5410
17985
24638
2938
39998
48917
27964
64890
18466
62781
21316
31150
79565
60137
54419
64266
95163
79326
28331
89744
8951
84431
97828
94084
89523
6265
95262
59287
85781
96423
1774
30924
64395
99385
45689
23510
40768
39648
47907
58431
69312
52797
5627
73234
23301
96951
6986
49562
47906
89246
88201
3812
13696
92800
16048
67703
58388
99663
67506
65714
93081
62804
59718
99430
25279
43426
37592
13497
5848
5790
93514
64560
386
39560
91183
8733
45136
81155
81038
42760
49056
17764
1247
7718
51854
66344
18028
57410
48145
40760
94404
12993
51793
65541
47737
80452
72580
31121
10841
92444
17690
44999
84589
70033
81882
45695
17709
62592
93968
67821
97085
76184
58006
36036
51636
7268
15664
8924
87146
34955
10847
70996
27721
28173
45204
88538
38906
32047
81159
36363
1695
89402
34736
80319
12270
22836
83327
43741
1245
34321
14830
53815
50314
532
46055
3322
11840
86574
88031
21744
63858
72838
14820
75438
80882
33693
28966
4826
22479
34198
95855
57040
66464
73182
71895
2821
405
33514
94393
55934
61629
65338
86083
49506
30984
1929
2191
52353
14560
46344
46602
4322
27872
69660
9862
17150
21951
6234
7516
42151
8397
67148
12524
35928
69906
76270
40343
49095
25366
44363
46004
55140
28872
13288
18686
5268
25473
30967
79173
39601
51882
83988
55319
13181
42070
67106
80853
45570
24965
24782
62962
60585
12235
64159
81871
24860
36726
76550
71538
79666
4629
49839
53400
47210
41842
27819
30336
84946
67529
9567
43693
33529
34615
55164
54669
68598
43813
53754
27090
71561
88203
71921
21852
74485
72865
94159
411
97656
20727
29889
21590
43207
54316
66010
20372
93973
13321
72275
33165
66983
67675
4775
64556
69553
55054
15536
33980
10472
36054
72206
69942
42729
71433
93862
45676
62417
39823
89578
17208
96901
10973
19730
46690
30217
84967
87662
82427
26939
96049
1258
99276
14425
56245
76983
5014
74598
55671
92637
82049
26926
6918
66746
41758
88065
62153
65517
67215
7477
67944
31536
49342
91174
86322
79791
94060
63120
94044
21273
34444
15265
2723
39103
45645
59093
29866
74923
6023
16924
39480
45833
75374
33769
29380
13031
83877
35507
78938
80802
5256
60435
13840
91647
16622
33833
1962
33
68015
29810
22353
71075
36817
85710
51302
12736
91355
46989
13
47879
65838
18635
13232
16287
9539
59969
61742
59883
15148
52575
33937
52491
29251
53672
46946
76464
27328
65227
20571
10088
48936
73476
66282
78273
1906
79169
39538
54824
96899
26558
32922
72261
96083
65759
22697
40829
41204
18612
34800
4676
22319
48957
29668
24212
32897
17920
46233
33969
33913
1927
6911
10370
52728
64684
13286
36449
46892
1255
91200
6542
91159
69976
71095
10128
70383
87262
25527
51169
87153
34278
17271
96911
16616
41708
67160
43053
42584
40396
40207
74194
66051
75249
82883
1694
522
67825
39564
95551
15099
18347
39045
55898
32338
30189
46808
76430
25278
12261
13154
33348
36010
28622
52329
48096
33663
84447
8991
4581
39906
84523
23263
4478
30985
76451
32553
91708
69208
32199
41189
77956
76868
11693
44319
49089
13116
89622
17919
74411
50824
43480
7533
35439
66547
51258
24721
7711
12157
98433
49109
1113
50592
92229
91370
17029
86432
69244
13915
36652
77745
25453
59749
46976
3701
85160
45313
50641
97439
66579
74988
14015
47353
14429
81240
3008
53061
34821
88463
34715
56334
45697
72735
47442
60970
19072
36531
66279
63534
76130
63342
51764
4605
87527
86345
73002
15522
66502
75348
84846
21749
36099
47716
10442
40921
58049
44919
30417
33756
88887
99811
85335
73860
37221
47133
44048
30897
46617
21662
70256
69960
42787
69265
33083
33360
35593
25056
26907
20193
81198
2941
30592
96904
73193
95738
20777
1017
5009
67337
33700
29538
53694
64749
46560
79221
97509
97648
35190
6615
29497
74720
42776
9287
45865
52113
56854
93563
19268
40820
39507
57982
24053
21146
42153
10684
83636
91515
41115
15244
44254
61178
91027
30256
62957
76782
53479
10150
29702
73262
87936
38278
76045
77350
37943
25594
31508
55790
91110
69652
38642
74635
20024
96937
48786
19684
80374
32894
15833
64896
67641
55626
17326
72322
3705
33937
65518
65066
23324
78088
61650
95502
95848
77345
75149
36509
9377
45194
30122
20166
25542
71392
19926
83434
77204
42113
84564
33758
12113
66370
97411
91461
96625
26000
80458
35780
26504
99925
16367
91214
25628
78293
6850
79759
15648
51980
13810
13317
23775
83417
71545
50008
59798
62826
4192
43031
78526
55141
5883
55474
56015
52894
31351
6202
39480
86701
1346
21424
27688
46707
18913
96244
43331
34670
86422
77112
78110
58838
68538
55340
32905
79691
62928
72549
7963
5874
96703
91515
59846
64293
11219
24674
96842
48607
82353
32401
74753
69764
38142
54653
89783
41410
10150
25641
75083
46455
32069
5496
84135
56500
46249
9026
54421
28481
15985
82922
46727
68827
38949
59811
1398
974
90432
95722
2478
44868
51145
37092
96824
73372
54506
1287
81182
90716
98680
57783
18583
15213
96233
30434
75944
44912
90259
36751
31799
94584
84748
45777
66433
48437
17000
3353
58637
20073
89457
10500
37519
1990
57120
87797
15361
6061
24432
75154
34176
86590
77177
21845
41726
91104
67283
90569
19984
68923
77206
15194
35367
43750
73431
26247
49367
73239
55419
94943
83291
21198
88893
65186
6949
23298
50807
66458
32436
25764
92656
83185
42879
47879
50915
89846
4957
6783
67862
46213
78405
40901
50384
13676
58378
90618
20480
84122
92371
6695
94656
72726
99033
82223
58928
63487
46750
24516
94360
84555
99544
69742
20533
41858
71644
34302
59119
81680
62508
45022
32109
61994
71213
53561
90351
5390
93317
3484
81322
39158
80858
45296
10790
51727
13757
56431
81299
87808
40791
73945
28771
69
73236
48996
69534
77104
34886
48018
96990
78032
56068
40026
8418
13206
1330
3575
40205
98576
36332
77004
12898
4592
67045
77644
45682
58944
4852
96020
85205
33953
59175
7667
48406
50226
40125
29581
47676
73832
11780
66496
46001
60247
82878
60983
9342
69969
56549
98659
39446
93217
86642
16581
24266
86588
95093
80443
84931
9756
85078
13524
81816
18116
9976
78745
22288
46401
13997
80593
15224
68406
82126
97567
34841
45948
28702
51944
47254
99137
77842
11843
453
9902
82242
95318
38997
35256
72188
61968
28440
3266
95856
42845
63539
59011
41138
54374
36192
86710
31896
77628
34287
13836
64256
59664
23468
19664
99481
82812
91269
21029
86466
85467
59629
80617
8894
20949
29526
66910
87501
95708
89966
4464
7807
49474
38956
32371
9234
34166
38789
68819
23959
42060
36562
87035
10804
61260
18507
87574
28473
99550
16517
73346
62016
20467
5500
33821
87729
33966
25103
81450
75888
59020
10855
62640
81268
40108
76323
16766
97062
88096
63037
86550
18461
51172
48138
15005
15875
14086
95204
39056
40070
89002
30750
80221
91667
11638
7372
45112
40088
13782
53085
43602
77970
20754
85377
42294
90482
75653
38823
54980
47011
50886
99974
36019
31591
39467
87124
67298
18679
21187
13895
50623
47013
85490
66801
72382
29912
89676
93865
32234
88980
25337
16435
6828
55246
22739
59068
47245
27085
52898
73428
86167
43292
37037
50493
45193
34808
98699
72899
23902
30961
86676
15623
40259
41607
84940
70752
44473
44317
93677
29755
27105
79876
87796
64260
38931
89393
27953
92867
97013
50144
45577
47252
76644
84069
58630
28894
654
52382
8943
66664
99761
50460
17349
73321
48115
49188
2640
81411
1977
87143
38435
28834
54498
30723
40525
55613
99616
85929
83203
21088
53371
60081
47184
26316
11006
94493
99296
98365
59064
99668
58297
71031
76343
31432
44801
5322
53026
991
95920
5708
12491
15566
50709
23268
91740
33208
50762
19278
21387
66871
18973
2344
98195
49064
41488
52641
7100
70771
64156
66145
1668
10666
2302
46895
96889
14380
10905
55954
94811
30897
9529
83385
15238
27109
74525
71576
79136
10391
47529
9200
9977
15891
61344
19172
58841
22688
44308
94023
76655
36283
46365
72964
89665
68991
74336
46292
20255
94844
37152
15233
85764
78405
91731
47271
63735
25128
80119
50985
43054
66648
78510
53393
77343
1167
88182
94995
24679
79286
43137
2238
20672
88820
96299
4622
22866
5019
85685
78509
31003
42339
66798
64031
29428
33286
83344
70387
48341
82452
76038
30830
47581
70204
82310
4949
84297
98485
42923
19515
27523
66963
47442
57712
97499
98275
81487
93080
61701
80306
85172
24877
30627
56831
79893
58064
11844
75744
19714
50475
10428
20295
50251
94597
59677
54978
61350
8370
67626
84821
23358
530
6346
28437
13815
18066
43903
87384
48933
77284
46380
91650
10874
56060
80293
3417
60409
62796
98976
13577
15241
94862
59284
97471
80359
62676
66614
8492
69011
67094
96537
89810
39229
39380
30596
26016
63153
2288
63016
48929
27697
76098
94956
50766
82845
50108
62030
13096
97067
23012
436
26476
34060
20415
77102
27657
70355
74182
48937
81183
49552
32729
66120
19150
48339
60809
3597
40367
11429
36049
58504
97579
95772
97805
22296
53025
77553
87074
67783
40681
29998
11024
95085
63485
83650
3499
10997
46661
51797
46879
91583
34718
14520
33725
641
22353
29158
74830
94499
80990
59059
83682
54011
80116
36177
13458
6459
77533
53236
364
50410
85886
39894
82819
57253
73035
74759
4677
62065
43355
46188
38909
95623
27756
286
2249
57420
44916
83630
29432
70102
67004
69408
61970
62073
82643
65603
27616
90478
67949
24492
44399
70219
46667
83306
59018
98554
34674
8377
24501
34172
25532
94808
51059
57735
72710
18911
56157
12698
26635
15899
12639
3767
26140
80236
48639
21914
54926
19639
37299
62552
30263
6708
31572
22661
22022
74019
50272
35263
3177
66000
61776
25695
51169
67725
3234
10075
82470
92681
134
91459
69468
56972
71661
84662
12038
96730
50132
84269
32748
87190
53232
23581
53765
72848
61112
42623
4906
77919
56327
24528
7415
5005
49830
76729
89539
79686
18914
32731
47083
27083
12930
47150
26306
47590
62714
603
85562
10481
4225
70872
15449
47288
23191
95930
61025
103
54627
9082
45633
93880
5429
49289
73327
49106
98508
58942
13633
52216
27025
20674
58580
33009
11041
98995
43944
20342
41684
91240
68907
208
97012
38348
84856
32337
5988
70440
15761
8891
15641
57215
88032
17820
6139
55299
43016
33252
58117
33446
54827
90364
35435
83066
1108
21679
59783
52578
65561
79288
53556
60457
2293
92585
14478
19163
3368
73381
38578
52467
83371
72043
61949
75563
92667
73108
57504
67452
6328
38538
30935
33438
69721
39056
84849
82916
50900
94893
24099
13032
67648
69797
37421
20932
76096
53254
68887
68708
55371
30606
71905
68572
55762
49224
33652
48933
10347
17078
30893
78743
81434
99119
42002
14860
15915
50900
32973
33264
57328
47605
60613
11079
86410
64143
79914
45146
14869
12002
17015
82063
93171
31299
73224
40288
84827
10616
27104
67261
93797
9578
10065
20140
81436
2698
21097
49123
89985
60263
64370
73875
47785
9812
10328
24436
62646
75386
50977
73093
96168
96005
62111
55753
74352
48037
62060
90714
60755
92327
47895
67833
45041
32789
13444
72298
75563
54814
96036
28382
71924
4005
68621
81234
35918
41617
19010
58564
36828
19652
94519
95228
21568
80011
82066
76205
66068
28832
35876
80656
49813
35047
58426
16323
24016
9846
76344
330
41956
28591
81400
90334
20396
98808
12759
48728
81810
75221
83442
51495
83193
90055
82432
66192
62056
73969
86770
44317
54593
28675
73862
76652
67026
30161
89488
44183
97486
65750
25286
54979
90181
47058
92930
28202
93938
88439
20667
5931
6574
58049
99738
97101
98153
80068
66943
21252
4030
67608
81951
85255
43258
72050
74514
18102
72657
78320
76633
75421
75329
7251
97947
6064
76562
40028
60204
94919
22309
47978
60582
4228
97923
61146
93229
52745
17514
58966
92322
8642
86362
3083
9165
87928
47555
2830
51895
24325
64830
61520
1066
13246
98583
1207
87212
52928
57805
41959
33761
77001
94639
73758
41921
65003
6823
50619
84822
30959
11554
90735
23876
38371
44909
48919
27396
76843
43901
13452
54433
73789
85785
76649
79259
16318
33934
31488
46500
9956
26938
11171
11907
13137
14699
38690
59911
43654
20476
56503
87539
64554
98490
19244
89273
28852
17981
51463
57951
72852
86148
2076
71262
14982
40333
66966
62975
8766
47648
14299
7238
83394
18126
41120
56003
64698
11485
89731
44350
39483
23641
5038
9700
42208
51170
88743
35320
18066
40073
92570
36160
63605
87334
20321
23828
76203
85655
50512
30213
97947
36382
70780
40071
14302
50880
89499
54843
69017
22828
97421
24928
98797
20855
49709
66388
32672
57195
72504
41612
75147
64765
63709
22317
84801
60709
93331
31457
41436
33098
78962
25973
13218
61261
72617
38385
8835
59686
22646
59667
47401
22069
82331
83344
4678
18483
25208
83027
31672
86048
71042
79246
99317
74500
2231
11905
67875
10426
31113
40505
15124
83612
95933
85633
85604
23625
872
44427
85651
11662
83768
71580
93641
72618
90499
81381
72575
86280
55491
8745
90919
65448
48114
28570
69930
61190
33816
86913
56335
45541
80112
4450
43356
32558
59469
12004
72172
31695
28610
82983
88217
8653
24237
35505
46814
95890
16445
29406
9707
31822
86964
65797
34032
62217
90959
73234
14245
12496
59439
27080
88967
9981
89720
68163
87632
27139
96849
16259
10704
89046
86199
97996
69117
49927
13495
64828
80479
6742
11714
78132
19594
67328
88812
18021
2846
16571
77844
39156
57728
99656
62054
85390
69564
23850
50180
62097
42487
11170
74536
12944
68588
86382
7865
10209
41864
27556
82524
22201
31325
56701
31845
86960
87364
26185
3813
99583
829
21599
77459
49651
68306
71022
21479
63601
8541
84355
95964
34397
64806
66472
49769
67497
72533
79056
81571
89587
36234
453
11983
58827
68040
85497
51029
89634
60806
67450
76789
99633
45001
2420
82187
23798
85322
86951
73040
44579
18259
34827
55106
33301
10698
62076
80369
87969
62792
65212
93954
93386
41282
80878
6114
63834
39753
27813
31385
56420
72716
20961
77983
37128
28807
75682
87335
49552
61891
89277
80651
82923
34219
1120
19528
615
72880
38623
31894
18576
88850
51692
69132
34896
2175
11340
50866
90222
79064
69957
37023
79160
7254
27555
66776
99920
34854
91144
63870
3769
45415
92135
2836
10181
82216
5395
71856
25909
2855
87742
62155
68160
56014
11642
51589
60108
79142
62006
98371
92297
84208
24219
70379
57728
15556
36931
34996
72375
77564
39497
37619
66451
87982
39851
4197
7562
94485
82910
47960
96571
52776
37823
24306
30155
60375
47513
45758
51739
79221
80933
62039
30188
76417
32602
64691
40896
52161
73188
57669
42931
23655
75091
23095
21526
13779
65237
41168
95620
31417
74711
65077
20773
92995
79895
33610
81936
23168
4524
70255
8893
18006
13385
73210
55419
68180
166
97723
46657
82546
70697
87015
90963
77708
39566
48701
49974
21741
34108
33216
51378
21760
2711
73556
23452
194
40570
56608
69969
93196
50842
19137
9310
46233
71419
24874
84843
44422
32228
24179
25871
62122
28532
5319
73619
67872
19676
79417
45073
19453
85725
3929
58541
6470
92585
56330
17987
4992
13931
65872
16368
18826
10244
57581
72927
6614
44042
38656
40904
67869
15933
13405
92162
77939
45130
64304
12632
48086
16905
7229
70357
72364
24718
49022
39244
33296
60212
98647
79147
44100
47353
97473
42956
36635
50574
94573
20306
74269
35326
67644
72321
4033
9306
88181
85995
78802
7384
10041
98233
10631
63059
41074
33496
75410
58652
7538
54552
65452
11992
87075
58421
86658
37548
55041
35637
6695
7857
15850
31137
60910
56056
28435
71149
97864
66541
29730
80197
65198
35625
54534
49599
96066
61240
76226
41741
80734
22118
41303
24002
72439
37572
83915
78447
21506
44654
32225
36081
1008
56085
3468
46816
42939
32347
92004
54945
16236
31479
37321
22499
63512
88664
21991
64141
5748
60545
24230
52474
9706
84020
97199
80248
74507
84779
14119
13816
93316
97924
44383
61161
27337
25238
91652
82010
82425
33699
28151
7989
97362
85608
96076
93474
45290
98941
96361
11270
27316
2909
71925
18491
9767
6921
13186
87271
50576
71840
22771
52961
14823
12003
93199
39643
21831
27548
98918
14030
17118
17127
4226
11442
85353
58942
43336
53658
16380
3551
16707
75644
65282
1027
68208
34442
58113
52461
81093
33588
29420
25091
2188
58894
16983
37418
68388
2510
60757
39101
33368
76955
24592
89276
43963
48397
66835
98805
61833
44370
39701
41621
18092
69507
92730
74746
61966
80713
79706
26501
62119
12934
37810
64635
85956
9743
81109
85741
56354
29167
19068
68748
51133
45938
47104
22465
44187
87259
52146
75195
73202
92278
64659
7201
20680
19781
78854
19117
18314
46326
82194
78059
611
87609
90109
15395
62758
92580
90974
88696
19917
66407
29772
36260
84503
23489
28401
75372
15372
55914
40562
6905
24237
77916
57823
24676
81535
74944
61619
78151
82725
4698
78131
22199
53811
18543
87903
78139
38145
96386
39876
9420
32690
7829
4766
17349
51322
78829
79394
94235
15599
20504
91235
27895
55136
95334
23557
84321
93586
72612
34589
57723
67929
80865
42104
66463
35729
83111
54258
9282
21788
1696
43789
93832
79668
18453
95497
92408
45252
39319
99229
79423
99677
72740
94820
10071
95353
42846
18073
55025
14714
33912
59898
49663
35743
74890
77783
42798
59563
39083
35259
12661
93318
46276
43920
98701
3272
43249
97534
83574
87157
95352
9604
73487
11358
11256
28961
8090
24263
53268
81750
92487
13418
9919
31423
18084
30669
79809
53944
52602
95985
19061
15634
93405
77094
94212
71812
33683
37187
85841
72909
24787
50401
94682
45263
4832
4298
63839
16939
97312
60014
16084
2438
48478
50737
80174
39620
32359
75817
79112
9645
63370
93206
67775
81301
17472
86471
56346
83545
21507
28422
79779
36128
34736
46118
51747
64374
14795
72152
82157
39452
48829
43143
75842
42136
77138
18817
89220
89026
46007
64612
31581
76032
58645
42207
26550
78472
60483
32911
49661
24734
9531
60165
96074
81437
49089
52781
24150
7505
63558
26949
81583
59970
47356
8756
18585
66918
82454
63111
78136
83376
89450
6888
31751
95744
49846
92988
87067
34234
5542
85080
21940
49840
63956
1351
77884
32044
78725
80751
72019
89693
71493
55363
16763
49543
35549
68171
89760
95358
72643
84788
85343
54155
23063
98662
55154
67045
44146
78454
19757
62244
28508
54075
94712
59377
21394
20640
47633
23863
26889
70999
86289
18876
34482
97910
50448
45932
97693
77128
2596
40751
92719
90427
68384
43752
72938
22391
84059
15487
46664
17134
43814
73663
70670
535
78110
64258
77652
61696
4709
67801
89832
29088
56172
45779
30458
99323
10197
6059
39605
28543
51714
99574
10740
49138
50459
41069
94822
56115
1675
61737
99210
26567
63632
41902
31337
8893
47231
91234
37854
52572
67744
38387
50278
67809
82023
25511
6426
74127
24986
55893
99515
45266
44769
6899
15002
18783
19024
72770
14869
6032
40461
78951
17734
33911
3364
50819
74085
54618
62966
34672
39519
55959
42932
51449
9244
58031
44558
54129
70104
851
42185
54635
66451
7756
45170
74742
43425
59235
77022
12503
86831
24827
71736
78213
62470
94451
8131
74304
53249
58546
3428
96130
4141
67586
14284
79587
86721
40713
72403
84240
49586
56528
88307
65600
61629
33911
50067
63372
10887
18446
28381
39513
23860
30553
32159
7552
26460
25539
76543
16459
62971
14973
81037
34144
23517
66338
81275
5639
72926
16545
62206
92089
17673
92900
49304
52414
84115
5593
10292
48171
86716
73517
90919
74820
34252
85730
34938
99272
27436
62093
49825
60912
96727
54908
73963
22884
67175
14789
15548
25412
15184
36700
92442
54877
30302
82040
97395
67430
17041
41695
45366
21753
26518
99480
62603
9260
57480
63085
47284
67126
6199
52019
60414
21585
55009
46333
92354
7093
25704
87667
94683
97358
65214
83714
12016
98661
98636
77537
61187
65852
33316
90304
6769
34803
59277
79954
15807
12123
53032
70275
52031
74108
72168
72812
87309
76881
51281
71080
32775
90976
34452
73212
73732
43955
56650
65606
37410
6170
81522
19783
22092
74733
32365
32866
1694
47044
15376
75817
28466
71396
82493
29339
14776
83243
72341
16281
20313
3156
66482
8340
27774
29241
53646
31411
23787
91831
22540
84644
12480
5927
82629
5865
55247
46709
47535
48453
87072
57986
33875
95954
96066
63505
26912
28547
66247
32191
17590
95509
73953
16532
18238
40901
62286
97730
36149
82838
64818
70072
86391
44638
67596
65118
86209
11695
17706
25276
98901
97219
85255
52152
19130
37715
61257
94378
41131
91261
29613
34084
12383
16335
63114
63863
38597
45687
13794
60381
70228
71763
86532
54163
69055
7225
12910
81680
27507
47921
35934
14578
305
26621
93431
28085
8491
43360
85953
3301
36636
22402
89018
51957
81469
30583
38376
73113
54406
74942
87885
80980
2839
11809
89951
80487
79875
66050
55224
6220
75907
43896
8347
77458
13894
28240
23937
57256
58537
53379
80500
25376
4237
52089
24618
96333
58898
14253
90905
25997
63985
54402
56401
50943
71221
90540
16551
75449
55545
97209
10735
87734
60364
6797
2673
69987
88284
70399
19908
35026
48936
93310
61292
21531
16897
46518
26168
39740
20617
16791
84266
77870
59099
67395
32907
58414
50538
48703
78277
78631
23950
42034
16650
72323
24214
7665
95062
58050
2977
71517
44313
35824
75105
56004
78225
41072
38313
7637
67234
75444
56416
70260
32998
94087
28825
81563
71511
10583
15526
50998
55476
86346
30341
93172
59068
83914
532
79597
13078
82870
76296
91938
33551
25167
4414
24555
76673
32346
25273
94458
40112
40751
89420
75234
18893
18249
9066
9653
78616
60149
4590
17730
26519
3353
26495
30335
1611
63214
64561
86404
90009
10073
17223
31915
54463
39476
79565
97237
62005
32471
65323
99533
91271
83468
94324
98615
74483
55530
17762
16679
97037
61980
8220
61818
73837
42717
47599
78319
44581
99051
44550
8606
80198
44474
28497
78669
44910
74189
74935
70212
90355
71331
93879
76127
36135
64530
70634
93150
31356
59122
79906
45195
58991
52254
41471
11253
3116
25110
52098
3148
40724
71798
8121
17341
95091
28894
2419
27283
9881
70637
98564
91378
77316
54490
70159
64183
35711
3301
82511
72714
10077
66107
71075
31881
73662
48702
39462
85593
51408
6653
90962
48608
81750
73312
91540
47019
96940
22792
24926
69585
68406
55822
3508
9677
72283
10492
24307
82369
40575
82178
67058
43579
31392
92562
67361
13313
22416
61360
8574
45962
34708
47236
13732
36379
61564
71091
16463
97282
24182
71965
86651
72598
29714
10028
27474
97048
65218
27780
96775
28728
32669
13203
20851
28013
17727
96289
84647
41411
12271
6304
39160
77794
3197
20711
62183
63127
38723
21615
3317
34482
18865
72656
22635
45202
42347
26909
24779
92236
36008
8288
36996
11620
41015
69846
73461
88745
40228
42088
23969
25598
17007
5469
8632
75468
45638
48477
36329
9954
81626
53071
31270
33812
88162
56412
77951
99560
44521
70585
11597
34671
78150
30358
69697
51699
42479
71546
32801
32536
10730
14886
44037
31561
59135
19546
50347
74174
34263
65116
56500
23488
3462
23389
3239
85700
32404
53779
208
53014
46484
13847
41568
16568
81099
2905
91568
60761
48861
820
85567
81795
71380
66803
73588
52630
15702
5545
68745
81813
52679
67559
50544
66498
64370
78786
36369
37721
17513
92311
9125
18097
21642
91078
56415
15347
5581
10500
85100
37512
68576
26791
1171
31414
99312
74109
85267
32632
22068
76536
18476
1709
3857
12842
59633
30069
12194
59350
84498
1630
68480
82512
13206
93590
40820
94938
30705
16356
1490
64141
64444
66770
23098
71325
10884
18533
57184
61547
96025
49005
1689
10862
47933
44498
80348
36852
95192
88354
69157
94363
18546
86882
30312
37375
4070
63642
94267
395
54737
3221
8399
53400
24980
69191
29317
29400
69805
64169
57090
95838
94160
64815
53393
9647
13443
93872
88560
86355
37830
5382
37888
92328
7571
93624
13061
12042
16526
65790
78691
22229
61015
28227
19006
77885
66114
7916
33085
26853
12655
24793
8778
39827
77198
51928
78364
61393
8762
23265
94314
49271
50161
40190
41228
34681
47124
16716
25640
24884
41221
29104
97854
96733
758
81443
63960
52884
57141
16076
39287
8465
93200
43014
23202
42146
55106
59911
30140
63032
62486
75809
54041
16625
50128
36003
42173
64746
62239
55317
65673
21638
99122
93088
1100
45439
22992
39140
72203
52076
84506
47959
21727
62722
54714
50456
23515
88746
56726
24756
92168
8422
44090
77492
90110
74878
31247
26846
7225
65733
70097
24430
4771
92762
25519
13940
76351
78361
81489
55349
95913
65144
66984
53836
43234
99238
44995
12072
60349
95094
63433
1706
12023
27348
83554
98360
66876
83433
43212
68068
7664
47465
63650
78520
74562
98287
58165
18303
82382
61907
74384
57128
73393
5962
77944
8177
47090
71984
2509
48739
3978
27894
67410
81820
86587
46281
71999
42141
78029
96104
85114
80243
33370
86224
23049
11399
16674
45638
38618
13097
21355
37727
31865
35392
36924
1931
25421
5648
85073
32520
24639
27730
1770
17575
88694
64205
53498
63434
28613
32072
73827
77779
35956
89165
11515
95142
31105
36521
9094
15510
86672
62969
95977
24130
91859
45167
85610
91884
28341
49796
62374
81873
55366
52411
52800
6380
51636
30198
1774
91944
10997
95601
67009
99533
68432
91513
26351
39263
85293
54524
74155
10659
23391
44366
29966
82169
77097
42264
28543
12440
66384
47098
92397
69402
47615
32255
34235
75366
80859
31366
39630
2114
26397
84197
44561
5124
62817
80247
52858
12125
89651
12068
82266
86086
26814
327
99068
7436
37019
48279
55657
61630
38506
48054
88881
60583
16240
37209
94650
88270
29530
19689
16193
16726
5104
83923
32994
54203
71165
61759
87082
78593
18070
43007
19590
51842
55934
50939
55301
61132
49526
53163
95796
56587
24085
80455
21969
92988
76714
99809
17195
46404
71047
9723
75890
1430
19693
68023
16431
41597
43815
41343
82509
91939
25782
63299
33231
69230
84893
2067
15330
38781
74119
19012
67433
35910
54006
77788
92810
39426
43278
98109
32485
65406
54117
21238
33222
51282
3837
64832
61639
3250
38017
67822
47308
89418
66415
73639
56956
85717
10079
6171
18271
92909
20627
38235
35638
26170
54907
82710
84132
48937
37379
77162
57647
76180
17947
40138
93058
40862
93965
61904
5469
90008
29910
72419
19323
92518
20772
83292
33822
18755
19521
30679
59314
6601
17781
23966
23617
54625
2134
62990
10667
28784
83914
50153
89204
30925
63783
42259
24994
43729
32802
98511
84068
70991
68563
76601
2092
66447
10920
34922
72173
20561
87758
45631
36718
41667
84550
68104
57045
58061
4012
16817
61442
66389
38389
20207
69285
23826
70811
11275
55785
24697
76954
36800
27434
97390
37989
91711
98058
12124
240
34608
1906
8930
46135
23968
32861
45082
56642
5741
89991
77861
6425
19667
90800
98649
9855
37486
49936
16223
49937
26226
87730
44903
81920
41035
90229
50762
64788
63524
25274
35456
41954
66228
35369
93518
33249
1992
72012
3996
46496
68917
60389
90653
45791
98596
47577
65168
42604
89554
26690
46976
1008
64707
44684
39323
26810
69119
23186
11636
40611
94047
79338
93554
12216
96412
74164
32409
82161
37569
21448
73647
68019
10098
29556
94695
65845
21188
15566
78084
12432
67467
2434
88258
97718
10634
90085
40943
11820
75004
62319
20600
17161
67287
59683
82257
63836
7723
28331
62175
62486
37122
27772
30543
92116
71914
79632
66667
17476
25154
62590
95136
39308
41466
89064
94348
19594
37563
95479
28268
60481
55069
71756
43842
58615
88610
71706
21116
84023
5558
32059
37625
50638
527
90127
94052
50180
49042
89573
22540
67506
24659
21734
85359
52123
48445
51083
69228
63906
24903
77542
78432
11245
67331
14053
46289
16006
95039
88575
15502
67912
40723
93828
16548
40735
71312
5113
47421
42905
37398
78654
83739
42315
80575
71459
71766
11145
28599
86346
47951
93287
26754
54102
89054
63904
48895
93821
49914
13634
2314
24604
39691
46384
24395
13783
21021
66806
3524
90917
76010
4639
84194
7504
30522
39900
61180
81255
73817
18301
20146
93923
25396
64010
33490
61117
5261
90282
87674
64272
52112
78790
74707
85782
37749
27900
86276
16310
82208
90391
44769
20201
81246
79739
53680
23711
97040
32078
32257
39143
99388
2582
64395
20477
43979
9868
39343
66371
77399
13491
39689
4270
5077
46711
75101
30356
28195
53885
10388
26573
71177
25788
85530
8878
31019
87348
50044
2799
99457
91847
59414
63768
90182
8802
87542
90839
51472
94743
64766
35800
77883
94567
44113
64571
50936
60049
56090
13609
96786
96457
81307
4290
27578
69025
87401
93551
54814
97170
16007
25631
99964
14060
10561
71502
13890
70135
60122
79687
76929
78012
18722
28605
94032
72920
11908
23418
22948
76354
147
68490
75890
82356
36397
65393
74046
57916
43861
91634
73836
52826
59809
52640
75299
79002
19236
41054
31757
40366
20054
30550
9310
38945
24257
61046
10564
65092
76250
47498
76596
19217
46659
80281
17839
76805
75524
61414
78860
55443
38146
7722
80604
87529
343
41433
24057
86047
4736
79425
85654
1475
29704
67667
62758
31916
54510
55482
39228
35790
26096
72221
76176
50273
83975
66139
24841
73665
80826
88753
88691
65776
15473
16057
26258
59787
43369
84136
55338
37147
36478
7137
69035
58287
45020
55170
83813
84568
42202
10530
14858
95223
7447
89209
28014
32110
20680
75025
52912
76728
28897
31035
32571
88864
64486
89092
48582
6113
20920
94945
92413
29445
67542
28412
33175
76987
79552
70548
15376
1361
26274
25178
81855
21678
44304
71789
74273
68309
69754
37960
97581
86903
41089
71888
35947
34076
36155
2144
69939
33944
58955
68282
62113
38462
60486
87168
73048
55920
13097
73291
51848
47406
61738
10968
18861
90668
56986
79479
37410
38981
27591
7656
73874
51493
88966
47106
9682
41675
76672
76172
70013
9335
6399
32176
99083
83809
14847
653
36003
6285
8812
53929
75699
69780
27082
12680
13634
33235
88999
67987
70437
30621
51710
81867
22995
96340
643
7577
72944
79551
28424
8481
14756
5273
46076
58881
42467
4111
15669
59014
37936
6843
71677
91927
86076
89979
1507
3285
1177
72632
73200
99188
73708
15843
34654
42785
81320
58645
57055
17857
8242
42280
96491
95297
57073
96317
36163
37305
89556
64493
14758
26591
34260
47153
15185
36675
80065
87398
49250
53214
87170
5905
44546
74921
46965
59559
71200
96995
4042
8323
89414
81294
17534
49443
81916
23428
72311
19739
72639
26048
94224
1671
90908
31327
73024
87363
85768
35420
10448
2975
96499
67107
31073
72068
50593
55982
87476
94493
6989
94029
51880
14021
61071
45671
3371
34597
84843
17606
55249
99960
43356
42870
75931
89118
70137
89172
32590
10814
61564
4498
21409
72190
70940
37377
87080
41496
37219
80987
85759
80835
97610
78628
85448
18778
60844
98213
51584
49508
40106
10176
80841
77752
40786
32
75347
46240
10812
45257
43481
59144
98755
80034
63078
24094
15540
28673
14416
27675
89082
22271
31048
69479
40763
25649
23851
35335
6440
78365
20813
824
88554
87207
80731
25454
78180
15391
74057
64090
94375
6942
22057
14680
10010
43320
60829
96212
24965
58118
77353
70523
39387
74482
70153
21381
58823
25857
48750
46396
68825
91859
88118
27567
15026
74773
15069
8547
29827
87505
34710
22457
46276
74538
22466
7137
29123
57138
13861
2267
25061
22581
43703
66316
42392
22653
82029
52209
90928
6384
35898
97862
61033
37732
95732
66920
5289
12867
32848
32441
33815
14712
57251
52173
19832
70431
23773
72183
60830
99998
72875
39185
30653
44438
42520
69717
35744
79717
64299
92686
6567
13360
16823
35648
95857
17132
50508
4146
60723
27951
37957
45245
79955
23217
37118
17200
72986
73551
37956
72873
67197
73856
39092
74278
86207
39151
73288
89032
12522
38443
45192
72339
29336
13226
77363
3437
40674
96875
89844
19702
28234
71577
33392
51413
9193
78822
24949
20307
7932
38379
83916
88778
45755
93206
32381
96753
39663
3327
32343
6832
29549
28588
31629
57037
16830
84723
92134
36406
56878
79161
82573
85395
68137
25350
97019
37608
36588
92936
32314
95649
59192
90013
49526
2917
72385
70555
47963
84913
4231
57749
8420
70509
81831
70572
4279
37867
30137
55987
16909
45723
44491
73556
26829
63951
27001
78393
30572
94250
69117
11877
39094
12096
17244
39771
51894
62625
28209
37801
88948
38963
99384
14446
43926
47356
39096
34067
13968
60109
56184
23491
82361
82688
93961
49070
83962
43073
54670
36393
25934
77052
38401
14963
59362
41579
46509
15827
16630
70356
25833
30216
68076
2082
25519
10085
58073
90897
1720
58415
75483
27449
38702
97781
13690
48464
98869
41706
3097
8276
54433
45989
98127
62805
54501
41276
52468
40567
31382
89493
85826
83126
83906
84222
66675
66917
63685
71748
51161
38362
86307
95893
485
42826
57045
57080
17897
85630
87775
15749
54065
7321
62854
81007
23404
37267
85066
48992
36310
88429
45214
37953
76147
43110
41169
53481
75188
23830
6480
69247
73761
80627
43596
33865
6939
88088
79534
10597
46639
13495
97342
74856
56305
74253
52025
21859
94023
76974
24703
76586
21893
49613
27887
12868
9337
8505
14590
91673
30342
4489
18559
4870
87162
76865
25138
42320
84184
92662
42980
41942
24478
16691
41869
17285
90771
16726
85774
89262
96213
89328
58064
55039
13366
80424
21525
41957
66628
43660
65096
2147
4492
42567
22394
55591
3405
74444
34289
94965
18662
35618
97238
64773
79130
58743
21896
6856
14319
7287
5363
72118
66187
18367
18407
90253
28959
34584
5893
19309
37160
35002
11224
68547
73213
14305
594
88913
92154
75945
6066
84631
87069
49770
63174
62776
31590
25103
12723
10393
22634
8661
13495
10074
30250
1180
86425
57353
53843
15719
60710
68930
31025
13145
74849
68494
13343
80684
95860
76881
11391
44486
55699
59932
70610
40131
26220
42960
84485
63055
47134
76675
51780
65446
57295
99606
44423
73483
90678
92575
28863
96206
52836
2407
16557
41108
96744
6851
83174
59547
98421
17112
71249
17474
13561
23755
75664
1955
69381
24130
88176
62927
47064
51560
20340
32340
77664
23376
39316
26047
72050
60697
44374
54209
28411
81671
85918
98306
27502
93602
75491
10727
38053
89188
45600
69341
70435
65069
87925
53328
88604
79009
50901
90354
51241
54053
60752
49747
16496
64756
91799
38456
48642
43101
11778
77439
58493
84317
28870
31466
37776
61670
79422
64139
73631
49105
38809
34251
91531
51104
66862
22621
4464
22374
83589
29131
99547
63304
12501
55341
13927
12936
61602
92507
66412
2516
20368
79527
2958
2019
40113
6984
14149
31001
70614
55657
29725
63433
30134
46930
60739
11621
63817
64652
15863
3604
53023
79052
7408
62648
65930
11685
7296
18188
11215
42452
87800
88665
80181
32195
84743
7914
37243
1413
47954
10493
96383
27970
44551
54831
87144
49628
19379
78988
93597
66062
27744
65638
23187
4154
31771
34429
90966
15098
49752
42710
49985
81669
67499
3575
8025
55246
27109
69367
85127
85977
36055
74796
53799
1110
67589
76760
20250
2034
32305
79663
34903
45905
44867
35213
78537
86269
6628
92231
97084
4392
94161
30092
37835
39671
59284
98558
85429
56857
10753
41105
71071
22081
35582
48872
46328
75053
81109
32509
55062
75573
17437
87701
50595
61255
4208
33970
39383
67075
38442
63261
43533
2272
39207
36847
10273
38672
87840
25562
77814
4561
48916
49207
82331
44426
90509
10768
72968
89578
73639
52439
23035
90896
37795
26271
73446
67447
62812
56842
83337
57525
817
57076
83281
88865
58882
16963
73182
80333
47572
85904
14501
94662
92498
66692
85625
50696
13173
76792
68581
55985
13173
2726
67100
32965
41860
5182
1859
79061
61116
21590
63647
13138
81808
15116
76798
267
93098
17355
91063
93645
17846
10909
98284
37231
86080
38125
18972
1232
20746
72980
84050
35251
17062
76011
62929
13194
77522
33860
6726
27341
21149
80912
5496
42174
51985
23195
91601
64348
64476
939
69073
35908
5150
15729
10965
13375
71019
50144
57548
35124
36604
51664
15078
44623
67391
70528
80246
71336
18558
12183
84528
8172
18296
12648
88215
68695
64751
51621
4752
3924
90795
10837
31311
35666
95709
35063
35713
65390
60285
78227
31538
97167
97826
19015
73953
97702
30607
13665
6691
80304
74182
78583
32333
91131
38102
37473
785
70587
33774
26760
21751
97219
61975
5030
52154
23866
78991
3309
86264
53015
18718
18967
40034
26016
99800
54472
42707
65023
49461
30935
57736
49021
32174
1893
1278
29211
11938
75848
23940
81979
91956
61347
96403
26329
75811
79314
99815
71318
73897
27747
87609
53362
24629
84969
22215
57599
90242
34450
53459
60603
57972
46529
21955
58673
73234
41039
52748
29576
12081
51137
95850
17106
28425
66031
44207
68136
92265
56142
6317
60126
83561
34273
75820
44008
73778
39371
702
2916
9228
48789
88955
19805
1551
90008
6749
45116
69769
13963
48625
5243
10888
40729
28338
38896
76156
33570
2177
70205
97639
55501
66599
57446
54934
52982
88160
53591
41814
67431
8625
29295
14087
49360
10250
79959
38784
11878
55982
95476
46468
51920
89094
2051
5063
54535
38937
29679
69554
97646
9533
18551
57080
22005
13072
19534
75475
79643
63582
28198
97336
68292
43070
82001
89578
93086
18010
56630
22490
18036
1470
41606
82803
80125
74606
40055
9221
63283
18431
74511
62565
71435
12124
67624
45840
9959
20150
95420
86336
63726
91683
32661
3274
84095
62244
62990
94155
85695
44228
82524
80635
61594
35297
17098
14963
23980
79631
88963
96124
40197
47461
32519
89030
15702
98161
62837
92473
27137
73019
10451
46698
35922
54298
1180
20806
89778
60878
80732
87996
38097
40034
2374
84531
52523
73724
33536
96064
47788
97380
2278
97944
63404
18744
34499
68147
40905
36083
47421
57947
70543
35103
92408
74142
18783
27862
54723
88138
76462
78217
69440
11650
59850
5054
69485
26206
54739
96618
64543
89798
93416
35787
79031
97441
576
9247
39344
31489
33567
34875
14303
70402
3639
74154
37700
65885
79617
33211
22278
59405
43377
11102
56797
33914
32517
9200
57567
87277
72454
77376
49242
57318
18170
46420
24577
50875
85390
73319
19009
46621
85897
23435
14378
10583
98433
36632
79448
70621
28589
57664
65417
29873
16587
57465
27264
55917
92795
81635
99725
48616
99748
12571
1698
73895
41386
53998
29422
52213
11261
66255
41895
24454
35960
24621
30949
60040
43009
40783
55616
40664
1599
33991
59204
25614
97604
30565
58964
91641
54246
82400
28945
44045
26776
2494
27988
62856
66818
27402
64451
16022
51249
11487
71203
48468
82522
74602
85811
97348
45148
93268
62065
21731
14985
82194
72742
85889
23637
44546
66280
9049
40653
70175
66090
77062
59173
23268
49198
88662
77216
81498
22536
83900
58855
29300
49804
16437
64212
8873
47285
63655
26247
53747
82202
20045
13951
55990
9087
50001
11332
48025
92217
95077
77561
68765
1742
21286
10185
45816
93444
79188
43158
40056
70938
25331
55015
95683
7972
72631
50551
43719
53825
61102
16659
88653
20578
87438
16437
65793
40601
86117
38701
46345
26440
49407
31198
32042
44833
65446
47511
76029
72156
19463
47570
64817
82974
42172
10611
65600
69511
75577
97592
90094
78094
47318
1192
49029
12319
26253
20143
60559
54062
37136
16562
67087
6707
13906
8504
95019
8240
93069
39757
57525
88694
36449
14950
95583
85401
9020
25827
88833
7277
31475
10439
61726
31594
8812
41674
59362
56690
98937
23713
74632
72091
20215
18203
65308
9265
31
44285
31657
80123
37790
932
17549
83599
36964
57092
47173
84842
87136
48434
32357
81930
45219
87034
8258
19930
91969
703
19798
43480
98968
12642
33220
76242
67540
13073
35045
60728
75436
22105
18684
58125
75389
25639
89075
45128
43448
31178
55057
91420
59842
49735
70602
50208
20511
7195
84183
17203
37786
17392
15536
70015
34252
32741
59611
94648
43947
40117
24991
31442
49794
90033
92792
52529
86071
24660
56735
78083
86263
44768
73255
8649
28910
19721
87354
26768
92119
9301
87618
32992
12782
84306
87218
44794
56679
44179
30299
94017
87651
46972
17986
19087
9201
58267
27286
71258
83631
99434
75391
4393
49276
12846
54829
3434
96143
91910
13308
17070
97820
62475
9727
38750
43220
51290
26424
41864
86705
19806
47411
42070
56322
74461
15716
55780
74730
92910
71523
10000
9586
10800
64805
10934
46376
77898
33598
5426
93955
42906
23393
7838
79967
65076
30242
66601
38084
63147
46135
12765
92567
63232
80861
99725
70215
69659
56768
58490
77875
68934
61053
34310
26662
15427
4934
64630
6623
31741
13848
77556
6707
87644
85702
88164
11415
26073
12479
73914
52950
34959
89212
37196
41763
44174
5497
13577
1227
61632
79399
42028
58576
21097
23785
34878
25415
94530
77929
68287
97336
56518
14699
83478
89689
63458
92185
55699
60382
23812
38789
75582
40627
83824
73298
32802
72929
17832
91502
75802
18774
58213
87476
60333
95358
60950
20663
51444
30908
90944
56432
25583
81615
68405
78877
40578
96102
31457
73747
72138
32944
68474
94304
73109
55224
18516
48035
68220
39376
97670
89034
49619
19294
7212
68343
343
71551
49674
73291
83028
85557
44794
63914
35313
17728
3670
30369
24429
14749
24725
24328
8096
98614
48382
21186
25869
14144
20370
12278
57166
31602
45013
37097
93813
65289
72657
97048
16581
91025
68552
27885
60324
46839
23220
32014
3222
52975
25427
11859
12732
20206
52859
54077
60508
49755
63822
76255
8986
26554
69475
85723
49098
8628
80297
2636
62898
97600
3436
62498
94473
45071
35051
15244
91004
25358
73206
11471
25604
18273
38509
63312
9506
19429
28751
35033
70967
49270
17494
33216
61934
64815
93714
30571
24951
57123
93764
22976
65298
12447
74607
49730
22730
52085
6655
6103
2700
43646
8023
33131
42375
95411
76057
54871
72572
65062
94803
11359
25261
59778
88459
71577
59552
64361
4416
13275
57325
85823
90236
50469
98451
71419
30688
35323
66578
78971
45961
68359
67060
68227
54069
14813
8347
89279
86993
86290
75645
99711
11630
34906
38008
49490
23550
63127
35730
31806
91792
55259
86797
23530
3720
63132
47227
21438
96651
99541
31464
36051
28639
41128
91592
69545
62932
7468
21012
59198
71495
56847
94474
87482
94975
13415
78958
17785
63994
46924
97295
51818
60845
43850
98318
32199
33957
11385
72220
46270
44579
91828
78187
27016
1736
93374
64932
2301
46061
52069
57283
99514
67268
27532
52263
82602
18511
43989
79215
54685
84032
65836
50996
46098
28906
79713
45283
41250
23459
85610
86011
72706
10023
62546
99695
93966
6060
59058
69793
40813
27313
19453
78690
28105
39008
12149
41898
98355
6783
43764
97687
