1000
57370
39909
68135
4744
75821
30438
46829
93386
65155
21875
67524
27045
24944
76703
50062
20020
15473
51458
38198
50807
78529
12499
62598
81788
15679
60868
36355
95022
9846
79540
67841
41987
91723
48479
41309
24531
30492
5705
67207
25651
81838
96967
21411
52906
50080
98224
71838
81579
44903
48381
18015
39808
67443
3859
58430
63626
46912
93336
71613
7167
55
43841
47600
45402
75180
10493
71204
1137
18343
56217
67580
68437
49962
73329
59709
30827
54647
56412
64696
62580
73845
89446
15685
53374
73833
13373
69738
12307
8114
97435
26370
64316
15698
65059
40908
71584
60468
47476
44523
4526
18557
70067
51733
27703
51010
42282
69394
21126
69854
69254
63353
57329
35815
71193
13978
98635
30250
41707
2713
29952
79665
14507
58684
99014
85398
48119
80619
68387
37017
97750
28316
969
71285
68417
81549
69476
73552
57003
87984
20233
63218
66564
96601
54638
24784
85995
54379
21310
82629
33087
58365
44819
30600
11118
84730
83403
87491
41447
65760
82171
73455
75817
77828
45074
7751
81360
70514
27165
58852
91388
58033
58800
33061
58362
2408
10675
36351
64529
35024
81122
65574
4383
45857
70300
40684
37099
59556
15103
83588
48512
36948
3761
90087
57388
27184
18917
26030
15758
278
16837
87629
80043
2768
93999
26913
2712
39761
15618
92082
55928
33119
23380
55533
7147
77386
10053
6990
49166
40434
8775
12261
61844
48495
33557
95788
3488
80070
52345
27839
81618
89914
79958
35057
38196
16209
60829
17354
14910
93192
35847
95254
14292
50932
44891
32032
31499
19076
85587
56940
34773
48062
41382
23358
2217
10320
99510
19808
15762
60727
17730
88945
43446
47113
44724
8022
51834
9945
29111
18153
52900
46971
66064
79280
71630
51232
76701
46513
60225
65700
20154
32710
31198
66849
22460
27867
31925
20891
80128
9106
70287
41164
84270
80910
20538
15317
94011
99618
67476
86976
80459
32038
18951
2951
80255
47473
56581
21201
62724
47654
26633
12962
58884
81901
21827
29603
9044
63198
66084
18128
66215
29682
20096
97129
62587
37330
16127
37103
24268
69513
21964
38162
82477
38119
58899
31713
25160
98985
65495
37991
16949
52847
35291
87268
55471
57008
68157
68241
24327
54818
34607
4371
79304
700
38079
45874
52714
45623
96325
5018
68188
13653
70137
9602
55549
26958
99272
20560
99079
31857
1687
64625
68845
84779
75736
19295
38739
14219
46885
32653
33860
3199
48811
32807
43239
93072
78485
10673
31990
14628
13125
10890
35431
8144
15747
17821
34539
22020
26813
8296
29537
53591
5979
89889
31812
53827
97009
82586
7032
47899
91213
73112
81809
85583
20280
39359
92170
56447
19343
22984
97907
28349
6783
53067
95470
80131
25426
65619
95823
9262
51226
2603
60564
27256
12274
48072
95918
15820
15814
10359
38922
94934
98485
97233
27841
13472
55697
56511
51033
38186
88946
94385
98606
23424
36685
88832
79431
18930
44007
34544
12430
76164
60940
89748
75351
27350
38029
91425
74950
31052
11208
15207
80263
87198
21434
30460
38722
72963
7683
55430
22234
77922
66137
65649
33853
9349
60820
58895
64730
24228
64004
13655
16402
5790
72074
7458
19927
55693
81443
53098
60101
90347
12781
68158
87925
53478
3377
80920
66789
42175
51704
77090
21389
96936
1855
72516
42410
70161
50600
34449
79347
65480
68214
38360
2522
27288
87437
51138
44623
94323
80590
1278
44915
4950
33264
95175
66669
17764
92104
22745
33546
51333
90673
76914
8833
45309
76104
48197
99799
30133
11992
22706
80626
30063
92979
79312
11994
27998
94059
95940
42526
46491
94355
7524
56119
22069
27390
49914
71499
21734
87121
40288
28774
48653
25052
60283
85209
53506
1531
95276
77139
99999
88567
58512
75019
99443
88703
80585
19153
23341
46038
95621
21086
72636
30949
90692
88275
18993
26788
42747
90266
98734
90781
59013
50835
38061
17041
83528
47490
34806
87743
70468
92879
52257
91739
27016
57792
42073
25420
15682
97628
90510
65478
29583
70509
99025
45884
9158
47388
47875
46544
12207
18212
78620
69993
661
18650
65069
45914
41694
85415
65534
67195
54540
93766
63944
58927
60647
25000
35373
26347
33849
82940
43268
48965
54401
94285
89520
46867
79926
33657
20327
66093
77634
65674
81593
95369
80095
88573
15052
39244
58394
76090
5132
37248
61781
33515
54397
6008
21696
12729
53704
11171
71628
85833
14425
78322
85952
43169
15415
38184
13165
49656
71112
37983
82395
12506
46529
9519
70435
11571
54240
70257
40495
36797
83471
9228
64593
5085
68245
90927
28511
49780
77520
14560
71364
60625
66793
53562
70639
19141
2375
51358
71757
13187
37700
59175
41340
22944
89693
30279
71207
37753
69024
65980
22062
31369
45419
15683
26917
18263
51266
41535
5518
57721
69431
50108
95406
35942
60395
86096
77023
62218
41707
54789
44719
25469
98322
37210
65663
21337
37694
79861
63787
17027
46673
25067
97928
72096
77812
19284
64567
75162
44255
38120
44857
30298
33509
90519
87503
18781
55015
94021
65290
14077
72820
21738
86103
43576
62900
83908
96484
54941
566
77792
63230
9897
71570
65727
22197
98121
64726
6399
94049
22826
87062
19201
54808
37127
81252
83782
67036
57178
89312
21359
87389
1802
48418
24739
53245
23726
98035
26754
87016
98270
8311
99178
25170
32499
50222
92373
191
58454
93072
87307
44835
37296
12134
99727
50122
98722
35345
46853
56251
70923
68546
5576
44994
78862
50526
67336
38870
58428
74054
51919
97741
2352
95803
83329
46737
44692
28902
98272
69219
44599
79622
68356
60843
355
8973
53244
61057
82435
85036
66367
63119
27866
77135
37857
72400
7078
17161
33617
94245
31979
81783
89107
56400
7776
55075
48671
34654
57927
75411
6117
21692
3497
25845
330
60069
60300
41413
76206
85399
72408
79870
92741
9803
80644
83438
90422
53032
13478
87690
34471
254
71104
42918
69273
13050
10382
26494
4153
56313
13771
59341
70027
45278
8698
44401
54265
75764
47379
86002
64180
68934
31185
46586
94525
8992
4437
85347
68869
5218
23331
34135
41860
96083
74878
61843
91521
26255
65878
92590
14379
27762
37668
70024
28508
6872
21837
43781
49983
39580
71645
86850
28194
94512
881
82984
67930
69328
61849
13657
90084
77862
89710
32327
24918
96019
17540
16614
4314
96789
42722
19509
4349
89720
14337
14199
7118
44472
89539
48706
11537
86819
32117
98289
93919
44892
78242
